#V3.30
#C Generalized forage fish model
#
1 #_styr
60 #_endyr
1 #_nseas
12 #_months_per_seas
2 #_Nsubseasons
1 #_spawn_month
1 #_Nsexes
10 #_Nages
1 #_N_areas
2 #_Nfleets
#_fleetinfo
#_type	surveytiming	area	units	need_catch_mult	fleetname
1	-1	1	1	0	FISHERY	#_1
3	 1	1	2	0	SURVEY 	#_2
#_Catch data
#_year	season	fleet	catch	catch_se
1  1  1  1  0.1  #_1         
2  1  1  1  0.1  #_2         
3  1  1  1  0.1  #_3         
4  1  1  1  0.1  #_4         
5  1  1  1  0.1  #_5         
6  1  1  1  0.1  #_6         
7  1  1  1  0.1  #_7         
8  1  1  1  0.1  #_8         
9  1  1  1  0.1  #_9         
10 1  1  1  0.1  #_10        
11 1  1  1  0.1  #_11        
12 1  1  1  0.1  #_12        
13 1  1  1  0.1  #_13        
14 1  1  1  0.1  #_14        
15 1  1  1  0.1  #_15        
16 1  1  1  0.1  #_16        
17 1  1  1  0.1  #_17        
18 1  1  1  0.1  #_18        
19 1  1  1  0.1  #_19        
20 1  1  1  0.1  #_20        
21 1  1  1  0.1  #_21        
22 1  1  1  0.1  #_22        
23 1  1  1  0.1  #_23        
24 1  1  1  0.1  #_24        
25 1  1  1  0.1  #_25        
26 1  1  1  0.1  #_26        
27 1  1  1  0.1  #_27        
28 1  1  1  0.1  #_28        
29 1  1  1  0.1  #_29        
30 1  1  1  0.1  #_30        
31 1  1  1  0.1  #_31        
32 1  1  1  0.1  #_32        
33 1  1  1  0.1  #_33        
34 1  1  1  0.1  #_34        
35 1  1  1  0.1  #_35        
36 1  1  1  0.1  #_36        
37 1  1  1  0.1  #_37        
38 1  1  1  0.1  #_38        
39 1  1  1  0.1  #_39        
40 1  1  1  0.1  #_40        
41 1  1  1  0.1  #_41        
42 1  1  1  0.1  #_42        
43 1  1  1  0.1  #_43        
44 1  1  1  0.1  #_44        
45 1  1  1  0.1  #_45        
46 1  1  1  0.1  #_46        
47 1  1  1  0.1  #_47        
48 1  1  1  0.1  #_48        
49 1  1  1  0.1  #_49        
50 1  1  1  0.1  #_50        
51 1  1  1  0.1  #_51        
52 1  1  1  0.1  #_52        
53 1  1  1  0.1  #_53        
54 1  1  1  0.1  #_54        
55 1  1  1  0.1  #_55        
56 1  1  1  0.1  #_56        
57 1  1  1  0.1  #_57        
58 1  1  1  0.1  #_58        
59 1  1  1  0.1  #_59        
60 1  1  1  0.1  #_60        
-9999	0	0	0	   0	#_terminator
#_CPUE_and_surveyabundance_observations
#_Units:  0=numbers; 1=biomass; 2=F; >=30 for special types
#_Errtype:  -1=normal; 0=lognormal; >0=T
#_SD_Report: 0=no sdreport; 1=enable sdreport
#_Fleet	Units	Errtype	SD_Report
1	1	0	0	#_Fishery
2	1	0	0	#_Survey 
#
#_CPUE_data
#_year	seas	index	obs	se_log
1  1  2  1  0.01
2  1  2  1  0.01
3  1  2  1  0.01
4  1  2  1  0.01
5  1  2  1  0.01
6  1  2  1  0.01
7  1  2  1  0.01
8	1	2	1	0.01
9	1	2	1	0.01
10	1	2	1	0.01
11	1	2	1	0.01
12	1	2	1	0.01
13	1	2	1	0.01
14	1	2	1	0.01
15	1	2	1	0.01
16	1	2	1	0.01
17	1	2	1	0.01
18	1	2	1	0.01
19	1	2	1	0.01
20	1	2	1	0.01
21	1	2	1	0.01
22	1	2	1	0.01
23	1	2	1	0.01
24	1	2	1	0.01
25	1	2	1	0.01
26	1	2	1	0.01
27	1	2	1	0.01
28	1	2	1	0.01
29	1	2	1	0.01
30	1	2	1	0.01
31	1	2	1	0.01
32	1	2	1	0.01
33 1  2  1  0.01
34 1  2  1  0.01
35 1  2  1  0.01
36 1  2  1  0.01
37 1  2  1  0.01
38 1  2  1  0.01
39 1  2  1  0.01
40 1  2  1  0.01
41 1  2  1  0.01
42 1  2  1  0.01
43 1  2  1  0.01
44 1  2  1  0.01
45 1  2  1  0.01
46 1  2  1  0.01
47 1  2  1  0.01
48 1  2  1  0.01
49 1  2  1  0.01
50 1  2  1  0.01
51 1  2  1  0.01
52 1  2  1  0.01
53 1  2  1  0.01
54 1  2  1  0.01
55 1  2  1  0.01
56 1  2  1  0.01
57 1  2  1  0.01
58 1  2  1  0.01
59 1  2  1  0.01
60 1  2  1  0.01
-9999	0	0	0	  0	#_terminator   
0 #_N_discard_fleets
#_discard_units (1=same_as_catchunits(bio/num); 2=fraction; 3=numbers)
#_discard_errtype:  >0 for DF of T-dist(read CV below); 0 for normal with CV; -1 for normal with se; -2 for lognormal
#
#_discard_fleet_info
#
#_discard_data
#
#_meanbodywt
0 #_use_meanbodywt
 #_DF_for_meanbodywt_T-distribution_like
#
#_population_length_bins
2 # length bin method: 1=use databins; 2=generate from binwidth,min,max below; 3=read vector
1 # binwidth for population size comp
6 # minimum size in the population (lower edge of first bin and size at age 0.00)
30 # maximum size in the population (lower edge of last bin)
1 #_use_lencomp
#
#_len_info
#_mintailcomp	addtocomp	combine_M_F	CompressBins	CompError	ParmSelect	minsamplesize
-1	1e-10	0	0	0	0	1	#_Fishery
-1	1e-10	0	0	0	0	1	#_Survey 
20 #_N_lbins
#_lbin_vector
9 10 11 12 13 14 15 16 17 18 19 20 21 22 23 24 25 26 27 28 #_lbin_vector
#
#_lencomp
#_Yr	Seas	FltSvy	Gender	Part	Nsamp	l9	l10	l11	l12	l13	l14	l15	l16	l17	l18	l19	l20	l21	l22	l23	l24	l25	l26	l27	l28
 1 1  1  0  0  10 1  1  1  1  1  1  1  1  1  1  1  1  1  1  1  1  1  1  1  1  #_1         
2  1  1  0  0  10 1  1  1  1  1  1  1  1  1  1  1  1  1  1  1  1  1  1  1  1  #_2         
3  1  1  0  0  10 1  1  1  1  1  1  1  1  1  1  1  1  1  1  1  1  1  1  1  1  #_3         
4  1  1  0  0  10 1  1  1  1  1  1  1  1  1  1  1  1  1  1  1  1  1  1  1  1  #_4         
5  1  1  0  0  10 1  1  1  1  1  1  1  1  1  1  1  1  1  1  1  1  1  1  1  1  #_5         
6  1  1  0  0  10 1  1  1  1  1  1  1  1  1  1  1  1  1  1  1  1  1  1  1  1  #_6         
7  1  1  0  0  10 1  1  1  1  1  1  1  1  1  1  1  1  1  1  1  1  1  1  1  1  #_7         
8  1  1  0  0  10 1  1  1  1  1  1  1  1  1  1  1  1  1  1  1  1  1  1  1  1  #_8         
9  1  1  0  0  10 1  1  1  1  1  1  1  1  1  1  1  1  1  1  1  1  1  1  1  1  #_9         
10 1  1  0  0  10 1  1  1  1  1  1  1  1  1  1  1  1  1  1  1  1  1  1  1  1  #_10        
11 1  1  0  0  10 1  1  1  1  1  1  1  1  1  1  1  1  1  1  1  1  1  1  1  1  #_11        
12 1  1  0  0  10 1  1  1  1  1  1  1  1  1  1  1  1  1  1  1  1  1  1  1  1  #_12        
13 1  1  0  0  10 1  1  1  1  1  1  1  1  1  1  1  1  1  1  1  1  1  1  1  1  #_13        
14 1  1  0  0  10 1  1  1  1  1  1  1  1  1  1  1  1  1  1  1  1  1  1  1  1  #_14        
15 1  1  0  0  10 1  1  1  1  1  1  1  1  1  1  1  1  1  1  1  1  1  1  1  1  #_15        
16 1  1  0  0  10 1  1  1  1  1  1  1  1  1  1  1  1  1  1  1  1  1  1  1  1  #_16        
17 1  1  0  0  10 1  1  1  1  1  1  1  1  1  1  1  1  1  1  1  1  1  1  1  1  #_17        
18 1  1  0  0  10 1  1  1  1  1  1  1  1  1  1  1  1  1  1  1  1  1  1  1  1  #_18        
19 1  1  0  0  10 1  1  1  1  1  1  1  1  1  1  1  1  1  1  1  1  1  1  1  1  #_19        
20 1  1  0  0  10 1  1  1  1  1  1  1  1  1  1  1  1  1  1  1  1  1  1  1  1  #_20        
21 1  1  0  0  10 1  1  1  1  1  1  1  1  1  1  1  1  1  1  1  1  1  1  1  1  #_21        
22 1  1  0  0  10 1  1  1  1  1  1  1  1  1  1  1  1  1  1  1  1  1  1  1  1  #_22        
23 1  1  0  0  10 1  1  1  1  1  1  1  1  1  1  1  1  1  1  1  1  1  1  1  1  #_23        
24 1  1  0  0  10 1  1  1  1  1  1  1  1  1  1  1  1  1  1  1  1  1  1  1  1  #_24        
25 1  1  0  0  10 1  1  1  1  1  1  1  1  1  1  1  1  1  1  1  1  1  1  1  1  #_25        
26 1  1  0  0  10 1  1  1  1  1  1  1  1  1  1  1  1  1  1  1  1  1  1  1  1  #_26        
27 1  1  0  0  10 1  1  1  1  1  1  1  1  1  1  1  1  1  1  1  1  1  1  1  1  #_27        
28 1  1  0  0  10 1  1  1  1  1  1  1  1  1  1  1  1  1  1  1  1  1  1  1  1  #_28        
29 1  1  0  0  10 1  1  1  1  1  1  1  1  1  1  1  1  1  1  1  1  1  1  1  1  #_29        
30 1  1  0  0  10 1  1  1  1  1  1  1  1  1  1  1  1  1  1  1  1  1  1  1  1  #_30        
31 1  1  0  0  10 1  1  1  1  1  1  1  1  1  1  1  1  1  1  1  1  1  1  1  1  #_31        
32 1  1  0  0  10 1  1  1  1  1  1  1  1  1  1  1  1  1  1  1  1  1  1  1  1  #_32        
33 1  1  0  0  10 1  1  1  1  1  1  1  1  1  1  1  1  1  1  1  1  1  1  1  1  #_33        
34 1  1  0  0  10 1  1  1  1  1  1  1  1  1  1  1  1  1  1  1  1  1  1  1  1  #_34        
35 1  1  0  0  10 1  1  1  1  1  1  1  1  1  1  1  1  1  1  1  1  1  1  1  1  #_35        
36 1  1  0  0  10 1  1  1  1  1  1  1  1  1  1  1  1  1  1  1  1  1  1  1  1  #_36        
37 1  1  0  0  10 1  1  1  1  1  1  1  1  1  1  1  1  1  1  1  1  1  1  1  1  #_37        
38 1  1  0  0  10 1  1  1  1  1  1  1  1  1  1  1  1  1  1  1  1  1  1  1  1  #_38        
39 1  1  0  0  10 1  1  1  1  1  1  1  1  1  1  1  1  1  1  1  1  1  1  1  1  #_39        
40 1  1  0  0  10 1  1  1  1  1  1  1  1  1  1  1  1  1  1  1  1  1  1  1  1  #_40        
41 1  1  0  0  10 1  1  1  1  1  1  1  1  1  1  1  1  1  1  1  1  1  1  1  1  #_41        
42 1  1  0  0  10 1  1  1  1  1  1  1  1  1  1  1  1  1  1  1  1  1  1  1  1  #_42        
43 1  1  0  0  10 1  1  1  1  1  1  1  1  1  1  1  1  1  1  1  1  1  1  1  1  #_43        
44 1  1  0  0  10 1  1  1  1  1  1  1  1  1  1  1  1  1  1  1  1  1  1  1  1  #_44        
45 1  1  0  0  10 1  1  1  1  1  1  1  1  1  1  1  1  1  1  1  1  1  1  1  1  #_45        
46 1  1  0  0  10 1  1  1  1  1  1  1  1  1  1  1  1  1  1  1  1  1  1  1  1  #_46        
47 1  1  0  0  10 1  1  1  1  1  1  1  1  1  1  1  1  1  1  1  1  1  1  1  1  #_47        
48 1  1  0  0  10 1  1  1  1  1  1  1  1  1  1  1  1  1  1  1  1  1  1  1  1  #_48        
49 1  1  0  0  10 1  1  1  1  1  1  1  1  1  1  1  1  1  1  1  1  1  1  1  1  #_49        
50 1  1  0  0  10 1  1  1  1  1  1  1  1  1  1  1  1  1  1  1  1  1  1  1  1  #_50        
51 1  1  0  0  10 1  1  1  1  1  1  1  1  1  1  1  1  1  1  1  1  1  1  1  1  #_51        
52 1  1  0  0  10 1  1  1  1  1  1  1  1  1  1  1  1  1  1  1  1  1  1  1  1  #_52        
53 1  1  0  0  10 1  1  1  1  1  1  1  1  1  1  1  1  1  1  1  1  1  1  1  1  #_53        
54 1  1  0  0  10 1  1  1  1  1  1  1  1  1  1  1  1  1  1  1  1  1  1  1  1  #_54        
55 1  1  0  0  10 1  1  1  1  1  1  1  1  1  1  1  1  1  1  1  1  1  1  1  1  #_55        
56 1  1  0  0  10 1  1  1  1  1  1  1  1  1  1  1  1  1  1  1  1  1  1  1  1  #_56        
57 1  1  0  0  10 1  1  1  1  1  1  1  1  1  1  1  1  1  1  1  1  1  1  1  1  #_57        
58 1  1  0  0  10 1  1  1  1  1  1  1  1  1  1  1  1  1  1  1  1  1  1  1  1  #_58        
59 1  1  0  0  10 1  1  1  1  1  1  1  1  1  1  1  1  1  1  1  1  1  1  1  1  #_59        
60 1  1  0  0  10 1  1  1  1  1  1  1  1  1  1  1  1  1  1  1  1  1  1  1  1  #_60        
  
11   1  2  0  0  10 1  1  1  1  1  1  1  1  1  1  1  1  1  1  1  1  1  1  1  1
12 1  2  0  0  10 1  1  1  1  1  1  1  1  1  1  1  1  1  1  1  1  1  1  1  1
13 1  2  0  0  10 1  1  1  1  1  1  1  1  1  1  1  1  1  1  1  1  1  1  1  1
14 1  2  0  0  10 1  1  1  1  1  1  1  1  1  1  1  1  1  1  1  1  1  1  1  1
15 1  2  0  0  10 1  1  1  1  1  1  1  1  1  1  1  1  1  1  1  1  1  1  1  1
16 1  2  0  0  10 1  1  1  1  1  1  1  1  1  1  1  1  1  1  1  1  1  1  1  1
17 1  2  0  0  10 1  1  1  1  1  1  1  1  1  1  1  1  1  1  1  1  1  1  1  1
18 1  2  0  0  10 1  1  1  1  1  1  1  1  1  1  1  1  1  1  1  1  1  1  1  1
19 1  2  0  0  10 1  1  1  1  1  1  1  1  1  1  1  1  1  1  1  1  1  1  1  1
20 1  2  0  0  10 1  1  1  1  1  1  1  1  1  1  1  1  1  1  1  1  1  1  1  1
21 1  2  0  0  10 1  1  1  1  1  1  1  1  1  1  1  1  1  1  1  1  1  1  1  1
22 1  2  0  0  10 1  1  1  1  1  1  1  1  1  1  1  1  1  1  1  1  1  1  1  1
23 1  2  0  0  10 1  1  1  1  1  1  1  1  1  1  1  1  1  1  1  1  1  1  1  1
24 1  2  0  0  10 1  1  1  1  1  1  1  1  1  1  1  1  1  1  1  1  1  1  1  1
25 1  2  0  0  10 1  1  1  1  1  1  1  1  1  1  1  1  1  1  1  1  1  1  1  1
26 1  2  0  0  10 1  1  1  1  1  1  1  1  1  1  1  1  1  1  1  1  1  1  1  1
27 1  2  0  0  10 1  1  1  1  1  1  1  1  1  1  1  1  1  1  1  1  1  1  1  1
28 1  2  0  0  10 1  1  1  1  1  1  1  1  1  1  1  1  1  1  1  1  1  1  1  1
29 1  2  0  0  10 1  1  1  1  1  1  1  1  1  1  1  1  1  1  1  1  1  1  1  1
30 1  2  0  0  10 1  1  1  1  1  1  1  1  1  1  1  1  1  1  1  1  1  1  1  1
31 1  2  0  0  10 1  1  1  1  1  1  1  1  1  1  1  1  1  1  1  1  1  1  1  1
32 1  2  0  0  10 1  1  1  1  1  1  1  1  1  1  1  1  1  1  1  1  1  1  1  1
33 1  2  0  0  10 1  1  1  1  1  1  1  1  1  1  1  1  1  1  1  1  1  1  1  1
34 1  2  0  0  10 1  1  1  1  1  1  1  1  1  1  1  1  1  1  1  1  1  1  1  1
35 1  2  0  0  10 1  1  1  1  1  1  1  1  1  1  1  1  1  1  1  1  1  1  1  1
36 1  2  0  0  10 1  1  1  1  1  1  1  1  1  1  1  1  1  1  1  1  1  1  1  1
37 1  2  0  0  10 1  1  1  1  1  1  1  1  1  1  1  1  1  1  1  1  1  1  1  1
38 1  2  0  0  10 1  1  1  1  1  1  1  1  1  1  1  1  1  1  1  1  1  1  1  1
39 1  2  0  0  10 1  1  1  1  1  1  1  1  1  1  1  1  1  1  1  1  1  1  1  1
40 1  2  0  0  10 1  1  1  1  1  1  1  1  1  1  1  1  1  1  1  1  1  1  1  1
41 1  2  0  0  10 1  1  1  1  1  1  1  1  1  1  1  1  1  1  1  1  1  1  1  1
42 1  2  0  0  10 1  1  1  1  1  1  1  1  1  1  1  1  1  1  1  1  1  1  1  1
43 1  2  0  0  10 1  1  1  1  1  1  1  1  1  1  1  1  1  1  1  1  1  1  1  1
44 1  2  0  0  10 1  1  1  1  1  1  1  1  1  1  1  1  1  1  1  1  1  1  1  1
45 1  2  0  0  10 1  1  1  1  1  1  1  1  1  1  1  1  1  1  1  1  1  1  1  1
46 1  2  0  0  10 1  1  1  1  1  1  1  1  1  1  1  1  1  1  1  1  1  1  1  1
47 1  2  0  0  10 1  1  1  1  1  1  1  1  1  1  1  1  1  1  1  1  1  1  1  1
48 1  2  0  0  10 1  1  1  1  1  1  1  1  1  1  1  1  1  1  1  1  1  1  1  1
49 1  2  0  0  10 1  1  1  1  1  1  1  1  1  1  1  1  1  1  1  1  1  1  1  1
50 1  2  0  0  10 1  1  1  1  1  1  1  1  1  1  1  1  1  1  1  1  1  1  1  1
51 1  2  0  0  10 1  1  1  1  1  1  1  1  1  1  1  1  1  1  1  1  1  1  1  1
52 1  2  0  0  10 1  1  1  1  1  1  1  1  1  1  1  1  1  1  1  1  1  1  1  1
53 1  2  0  0  10 1  1  1  1  1  1  1  1  1  1  1  1  1  1  1  1  1  1  1  1
54 1  2  0  0  10 1  1  1  1  1  1  1  1  1  1  1  1  1  1  1  1  1  1  1  1
55 1  2  0  0  10 1  1  1  1  1  1  1  1  1  1  1  1  1  1  1  1  1  1  1  1
56 1  2  0  0  10 1  1  1  1  1  1  1  1  1  1  1  1  1  1  1  1  1  1  1  1
57 1  2  0  0  10 1  1  1  1  1  1  1  1  1  1  1  1  1  1  1  1  1  1  1  1
58 1  2  0  0  10 1  1  1  1  1  1  1  1  1  1  1  1  1  1  1  1  1  1  1  1
59 1  2  0  0  10 1  1  1  1  1  1  1  1  1  1  1  1  1  1  1  1  1  1  1  1
60 1  2  0  0  10 1  1  1  1  1  1  1  1  1  1  1  1  1  1  1  1  1  1  1  1

-9999	0	0	0	0	 0	0	0	0	0	0	0	0	0	0	0	0	0	0	0	0	0	0	0	0	0	#_terminator
9 #_N_agebins
#
#_agebin_vector
0 1 2 3 4 5 6 7 8 #_agebin_vector
#
#_ageing_error
1 #_N_ageerror_definitions
#_age0	age1	age2	age3	age4	age5	age6	age7	age8	age9	age10
  0.5	  1.5	  2.5	  3.5	  4.5	  5.5	  6.5	  7.5	  8.5	  9.5	 10.5	#_1
0.001	0.001	0.001	0.001	0.001	0.001	0.001	0.001	0.001	0.001	0.001	#_2
#
#_age_info
#_mintailcomp	addtocomp	combine_M_F	CompressBins	CompError	ParmSelect	minsamplesize
-1	1e-10	0	0	0	0	1	#_Fishery
-1	1e-10	0	0	0	0	1	#_Survey 
3 #_Lbin_method: 1=poplenbins; 2=datalenbins; 3=lengths
 #_combine males into females at or below this bin number
#_Yr	Seas	FltSvy	Gender	Part	Ageerr	Lbin_lo	Lbin_hi	Nsamp	a0	a1	a2	a3	a4	a5	a6	a7	a8
1  1  1  0  0  1  -1 -1 10 1  1  1  1  1  1  1  1  1  #_1         
2  1  1  0  0  1  -1 -1 10 1  1  1  1  1  1  1  1  1  #_2         
3  1  1  0  0  1  -1 -1 10 1  1  1  1  1  1  1  1  1  #_3         
4  1  1  0  0  1  -1 -1 10 1  1  1  1  1  1  1  1  1  #_4         
5  1  1  0  0  1  -1 -1 10 1  1  1  1  1  1  1  1  1  #_5         
6  1  1  0  0  1  -1 -1 10 1  1  1  1  1  1  1  1  1  #_6         
7  1  1  0  0  1  -1 -1 10 1  1  1  1  1  1  1  1  1  #_7         
8  1  1  0  0  1  -1 -1 10 1  1  1  1  1  1  1  1  1  #_8         
9  1  1  0  0  1  -1 -1 10 1  1  1  1  1  1  1  1  1  #_9         
10 1  1  0  0  1  -1 -1 10 1  1  1  1  1  1  1  1  1  #_10        
11 1  1  0  0  1  -1 -1 10 1  1  1  1  1  1  1  1  1  #_11        
12 1  1  0  0  1  -1 -1 10 1  1  1  1  1  1  1  1  1  #_12        
13 1  1  0  0  1  -1 -1 10 1  1  1  1  1  1  1  1  1  #_13        
14 1  1  0  0  1  -1 -1 10 1  1  1  1  1  1  1  1  1  #_14        
15 1  1  0  0  1  -1 -1 10 1  1  1  1  1  1  1  1  1  #_15        
16 1  1  0  0  1  -1 -1 10 1  1  1  1  1  1  1  1  1  #_16        
17 1  1  0  0  1  -1 -1 10 1  1  1  1  1  1  1  1  1  #_17        
18 1  1  0  0  1  -1 -1 10 1  1  1  1  1  1  1  1  1  #_18        
19 1  1  0  0  1  -1 -1 10 1  1  1  1  1  1  1  1  1  #_19        
20 1  1  0  0  1  -1 -1 10 1  1  1  1  1  1  1  1  1  #_20        
21 1  1  0  0  1  -1 -1 10 1  1  1  1  1  1  1  1  1  #_21        
22 1  1  0  0  1  -1 -1 10 1  1  1  1  1  1  1  1  1  #_22        
23 1  1  0  0  1  -1 -1 10 1  1  1  1  1  1  1  1  1  #_23        
24 1  1  0  0  1  -1 -1 10 1  1  1  1  1  1  1  1  1  #_24        
25 1  1  0  0  1  -1 -1 10 1  1  1  1  1  1  1  1  1  #_25        
26 1  1  0  0  1  -1 -1 10 1  1  1  1  1  1  1  1  1  #_26        
27 1  1  0  0  1  -1 -1 10 1  1  1  1  1  1  1  1  1  #_27        
28 1  1  0  0  1  -1 -1 10 1  1  1  1  1  1  1  1  1  #_28        
29 1  1  0  0  1  -1 -1 10 1  1  1  1  1  1  1  1  1  #_29        
30 1  1  0  0  1  -1 -1 10 1  1  1  1  1  1  1  1  1  #_30        
31 1  1  0  0  1  -1 -1 10 1  1  1  1  1  1  1  1  1  #_31        
32 1  1  0  0  1  -1 -1 10 1  1  1  1  1  1  1  1  1  #_32        
33 1  1  0  0  1  -1 -1 10 1  1  1  1  1  1  1  1  1  #_33        
34 1  1  0  0  1  -1 -1 10 1  1  1  1  1  1  1  1  1  #_34        
35 1  1  0  0  1  -1 -1 10 1  1  1  1  1  1  1  1  1  #_35        
36 1  1  0  0  1  -1 -1 10 1  1  1  1  1  1  1  1  1  #_36        
37 1  1  0  0  1  -1 -1 10 1  1  1  1  1  1  1  1  1  #_37        
38 1  1  0  0  1  -1 -1 10 1  1  1  1  1  1  1  1  1  #_38        
39 1  1  0  0  1  -1 -1 10 1  1  1  1  1  1  1  1  1  #_39        
40 1  1  0  0  1  -1 -1 10 1  1  1  1  1  1  1  1  1  #_40        
41 1  1  0  0  1  -1 -1 10 1  1  1  1  1  1  1  1  1  #_41        
42 1  1  0  0  1  -1 -1 10 1  1  1  1  1  1  1  1  1  #_42        
43 1  1  0  0  1  -1 -1 10 1  1  1  1  1  1  1  1  1  #_43        
44 1  1  0  0  1  -1 -1 10 1  1  1  1  1  1  1  1  1  #_44        
45 1  1  0  0  1  -1 -1 10 1  1  1  1  1  1  1  1  1  #_45        
46 1  1  0  0  1  -1 -1 10 1  1  1  1  1  1  1  1  1  #_46        
47 1  1  0  0  1  -1 -1 10 1  1  1  1  1  1  1  1  1  #_47        
48 1  1  0  0  1  -1 -1 10 1  1  1  1  1  1  1  1  1  #_48        
49 1  1  0  0  1  -1 -1 10 1  1  1  1  1  1  1  1  1  #_49        
50 1  1  0  0  1  -1 -1 10 1  1  1  1  1  1  1  1  1  #_50        
51 1  1  0  0  1  -1 -1 10 1  1  1  1  1  1  1  1  1  #_51        
52 1  1  0  0  1  -1 -1 10 1  1  1  1  1  1  1  1  1  #_52        
53 1  1  0  0  1  -1 -1 10 1  1  1  1  1  1  1  1  1  #_53        
54 1  1  0  0  1  -1 -1 10 1  1  1  1  1  1  1  1  1  #_54        
55 1  1  0  0  1  -1 -1 10 1  1  1  1  1  1  1  1  1  #_55        
56 1  1  0  0  1  -1 -1 10 1  1  1  1  1  1  1  1  1  #_56        
57 1  1  0  0  1  -1 -1 10 1  1  1  1  1  1  1  1  1  #_57        
58 1  1  0  0  1  -1 -1 10 1  1  1  1  1  1  1  1  1  #_58        
59 1  1  0  0  1  -1 -1 10 1  1  1  1  1  1  1  1  1  #_59        
60 1  1  0  0  1  -1 -1 10 1  1  1  1  1  1  1  1  1  #_60        


1  1  2  0  0  1  -1 -1 10 1  1  1  1  1  1  1  1  1  #_1         
2  1  2  0  0  1  -1 -1 10 1  1  1  1  1  1  1  1  1  #_2         
3  1  2  0  0  1  -1 -1 10 1  1  1  1  1  1  1  1  1  #_3         
4  1  2  0  0  1  -1 -1 10 1  1  1  1  1  1  1  1  1  #_4         
5  1  2  0  0  1  -1 -1 10 1  1  1  1  1  1  1  1  1  #_5         
6  1  2  0  0  1  -1 -1 10 1  1  1  1  1  1  1  1  1  #_6         
7  1  2  0  0  1  -1 -1 10 1  1  1  1  1  1  1  1  1  #_7         
8  1  2  0  0  1  -1 -1 10 1  1  1  1  1  1  1  1  1  #_8         
9  1  2  0  0  1  -1 -1 10 1  1  1  1  1  1  1  1  1  #_9         
10 1  2  0  0  1  -1 -1 10 1  1  1  1  1  1  1  1  1  #_10        
11 1  2  0  0  1  -1 -1 10 1  1  1  1  1  1  1  1  1  #_11        
12 1  2  0  0  1  -1 -1 10 1  1  1  1  1  1  1  1  1  #_12        
13 1  2  0  0  1  -1 -1 10 1  1  1  1  1  1  1  1  1  #_13        
14 1  2  0  0  1  -1 -1 10 1  1  1  1  1  1  1  1  1  #_14        
15 1  2  0  0  1  -1 -1 10 1  1  1  1  1  1  1  1  1  #_15        
16 1  2  0  0  1  -1 -1 10 1  1  1  1  1  1  1  1  1  #_16        
17 1  2  0  0  1  -1 -1 10 1  1  1  1  1  1  1  1  1  #_17        
18 1  2  0  0  1  -1 -1 10 1  1  1  1  1  1  1  1  1  #_18        
19 1  2  0  0  1  -1 -1 10 1  1  1  1  1  1  1  1  1  #_19        
20 1  2  0  0  1  -1 -1 10 1  1  1  1  1  1  1  1  1  #_20        
21 1  2  0  0  1  -1 -1 10 1  1  1  1  1  1  1  1  1  #_21        
22 1  2  0  0  1  -1 -1 10 1  1  1  1  1  1  1  1  1  #_22        
23 1  2  0  0  1  -1 -1 10 1  1  1  1  1  1  1  1  1  #_23        
24 1  2  0  0  1  -1 -1 10 1  1  1  1  1  1  1  1  1  #_24        
25 1  2  0  0  1  -1 -1 10 1  1  1  1  1  1  1  1  1  #_25        
26 1  2  0  0  1  -1 -1 10 1  1  1  1  1  1  1  1  1  #_26        
27 1  2  0  0  1  -1 -1 10 1  1  1  1  1  1  1  1  1  #_27        
28 1  2  0  0  1  -1 -1 10 1  1  1  1  1  1  1  1  1  #_28        
29 1  2  0  0  1  -1 -1 10 1  1  1  1  1  1  1  1  1  #_29        
30 1  2  0  0  1  -1 -1 10 1  1  1  1  1  1  1  1  1  #_30        
31 1  2  0  0  1  -1 -1 10 1  1  1  1  1  1  1  1  1  #_31        
32 1  2  0  0  1  -1 -1 10 1  1  1  1  1  1  1  1  1  #_32        
33 1  2  0  0  1  -1 -1 10 1  1  1  1  1  1  1  1  1  #_33        
34 1  2  0  0  1  -1 -1 10 1  1  1  1  1  1  1  1  1  #_34        
35 1  2  0  0  1  -1 -1 10 1  1  1  1  1  1  1  1  1  #_35        
36 1  2  0  0  1  -1 -1 10 1  1  1  1  1  1  1  1  1  #_36        
37 1  2  0  0  1  -1 -1 10 1  1  1  1  1  1  1  1  1  #_37        
38 1  2  0  0  1  -1 -1 10 1  1  1  1  1  1  1  1  1  #_38        
39 1  2  0  0  1  -1 -1 10 1  1  1  1  1  1  1  1  1  #_39        
40 1  2  0  0  1  -1 -1 10 1  1  1  1  1  1  1  1  1  #_40        
41 1  2  0  0  1  -1 -1 10 1  1  1  1  1  1  1  1  1  #_41        
42 1  2  0  0  1  -1 -1 10 1  1  1  1  1  1  1  1  1  #_42        
43 1  2  0  0  1  -1 -1 10 1  1  1  1  1  1  1  1  1  #_43        
44 1  2  0  0  1  -1 -1 10 1  1  1  1  1  1  1  1  1  #_44        
45 1  2  0  0  1  -1 -1 10 1  1  1  1  1  1  1  1  1  #_45        
46 1  2  0  0  1  -1 -1 10 1  1  1  1  1  1  1  1  1  #_46        
47 1  2  0  0  1  -1 -1 10 1  1  1  1  1  1  1  1  1  #_47        
48 1  2  0  0  1  -1 -1 10 1  1  1  1  1  1  1  1  1  #_48        
49 1  2  0  0  1  -1 -1 10 1  1  1  1  1  1  1  1  1  #_49        
50 1  2  0  0  1  -1 -1 10 1  1  1  1  1  1  1  1  1  #_50        
51 1  2  0  0  1  -1 -1 10 1  1  1  1  1  1  1  1  1  #_51        
52 1  2  0  0  1  -1 -1 10 1  1  1  1  1  1  1  1  1  #_52        
53 1  2  0  0  1  -1 -1 10 1  1  1  1  1  1  1  1  1  #_53        
54 1  2  0  0  1  -1 -1 10 1  1  1  1  1  1  1  1  1  #_54        
55 1  2  0  0  1  -1 -1 10 1  1  1  1  1  1  1  1  1  #_55        
56 1  2  0  0  1  -1 -1 10 1  1  1  1  1  1  1  1  1  #_56        
57 1  2  0  0  1  -1 -1 10 1  1  1  1  1  1  1  1  1  #_57        
58 1  2  0  0  1  -1 -1 10 1  1  1  1  1  1  1  1  1  #_58        
59 1  2  0  0  1  -1 -1 10 1  1  1  1  1  1  1  1  1  #_59        
60 1  2  0  0  1  -1 -1 10 1  1  1  1  1  1  1  1  1  #_60        

-9999	0	0	0	0	0	 0	 0	 0	0	0	0	0	0	0	0	0	0	#_terminator
#
#_MeanSize_at_Age_obs
0 #_use_MeanSize_at_Age_obs
1 #_N_environ_variables
#Yr Variable Value
1	1	0.062	#_1
2	1	0.034	#_2
3	1	0.000	#_3
4	1	0.058	#_4
5	1	0.143	#_5
6	1	0.160	#_6
7	1	0.124	#_7
8	1	0.138	#_8
9	1	0.108	#_9
10	1	0.105	#_10
11	1	0.135	#_11
12	1	0.182	#_12
13	1	0.209	#_13
14	1	0.147	#_14
15	1	0.138	#_15
16	1	0.208	#_16
17	1	0.220	#_17
18	1	0.184	#_18
19	1	0.125	#_19
20	1	0.146	#_20
21	1	0.145	#_21
22	1	0.139	#_22
23	1	0.084	#_23
24	1	0.023	#_24
25	1	0.038	#_25
26	1	0.219	#_26
27	1	0.318	#_27
28	1	0.350	#_28
29	1	0.370	#_29
30	1	0.379	#_30
31	1	0.388	#_31
32	1	0.395	#_32
33	1	0.396	#_33
34	1	0.396	#_34
35	1	0.398	#_35
36	1	0.399	#_36
37	1	0.399	#_37
38	1	0.399	#_38
39	1	0.399	#_39
40	1	0.400	#_40
41	1	0.400	#_41
42	1	0.399	#_42
43	1	0.393	#_43
44	1	0.392	#_44
45	1	0.390	#_45
46	1	0.351	#_46
47	1	0.316	#_47
48	1	0.309	#_48
49	1	0.285	#_49
50	1	0.226	#_50
51	1	0.228	#_51
52	1	0.245	#_52
53	1	0.234	#_53
54	1	0.248	#_54
55	1	0.199	#_55
56	1	0.146	#_56
57	1	0.137	#_57
58	1	0.179	#_58
59	1	0.192	#_59
60	1	0.052	#_60
      
-9999	0	     0	#_terminator
0 #_N_sizefreq_methods
0 #_do_tags
0 #_morphcomp_data
0 #_use_selectivity_priors
#
999
